** File        : RUNIO\WCCSI.SIT
** Generated by: E:\My University\phd university\Semiar\Wofost\WOFOST Control Centre\WOFOST Control Centre.exe
** Date        : 5/4/2016 4:56:59 PM
SOFILE = 'SS2.AWC'
IZT    = 0
IFUNRN = 0
IDRAIN = 0
SSMAX  = 0.000000
WAV    = 20.000000
ZTI    = 999.000000
DD     = 20.000000
RDMSOL = 120.000000
NOTINF = 0.000000
NBASE  = 60.000000
NREC   = 0.500000
PBASE  = 10.000000
PREC   = 0.100000
KBASE  = 60.000000
KREC   = 0.500000
SSI    = 0.000000
SMLIM  = 0.044000
